%YAML:1.0
---
my_detector: !!opencv-object-detector-hog
   winSize: [ 64, 128 ]
   blockSize: [ 16, 16 ]
   blockStride: [ 8, 8 ]
   cellSize: [ 8, 8 ]
   nbins: 9
   derivAperture: 1
   winSigma: 4.
   histogramNormType: 0
   L2HysThreshold: 2.0000000000000001e-01
   gammaCorrection: 1
   nlevels: 64
   signedGradient: 0
   SVMDetector: [ 1.10303964e-02, -3.77223565e-04, -2.64831726e-03,
       -3.15556489e-03, -5.05690556e-03, -9.34035704e-03,
       -9.39235277e-03, -2.70731235e-03, 8.69639311e-03, 9.96230356e-03,
       -1.61694328e-03, -3.47362109e-03, -3.26197152e-03,
       -1.73325709e-03, -1.24012223e-02, -1.07750455e-02,
       -4.74286359e-03, 7.58229056e-03, 2.31402926e-03, -5.60209900e-03,
       -7.87698571e-03, -3.99924768e-03, -2.70336703e-03,
       -6.65167440e-03, -5.25361113e-03, -5.87758336e-07, 8.44398793e-03,
       6.30673545e-04, -2.88346643e-03, -5.14830183e-03, -3.40098049e-03,
       -1.21363322e-03, -1.23597840e-02, -7.24619534e-03,
       -3.64849111e-03, 2.22515617e-03, 1.15652131e-02, -8.29889381e-04,
       -3.37051461e-03, -3.82324471e-03, -1.02288751e-02,
       -9.50539671e-03, -9.18699801e-03, -4.60314890e-03, 7.16607599e-03,
       1.63102150e-02, 1.61763933e-03, -8.04756954e-03, -5.13568940e-03,
       -5.36219217e-03, -1.07241087e-02, -4.90456261e-03,
       -2.59930594e-03, 1.06900046e-02, -1.39480690e-04, -1.66803598e-03,
       -4.70250705e-03, -2.97831744e-03, -5.22229914e-03,
       -8.47534742e-03, -4.43573808e-03, -3.73623124e-03,
       -2.81581772e-04, 4.34297137e-03, 3.41138034e-03, -4.50374000e-03,
       -6.19342318e-03, -1.24277372e-03, -8.56350362e-03,
       -2.28022487e-04, -8.58505664e-04, 9.58882272e-04, 9.64843854e-03,
       7.37184833e-04, -7.45761674e-03, -4.23627719e-03, -1.06439702e-02,
       -9.77000222e-03, -6.00616075e-03, -1.93492870e-03, 7.83073623e-03,
       9.47924983e-03, -4.44419769e-04, -5.81702264e-03, 1.40849815e-03,
       -7.93512538e-03, -3.21911206e-03, -2.95028416e-03,
       -3.64779448e-03, 9.00525320e-03, -3.15648527e-03, 3.65262781e-03,
       -3.37894657e-03, -7.85619859e-03, -6.07294915e-03,
       -3.64435487e-03, 2.21756403e-03, 2.13762186e-03, -3.39789339e-03,
       -5.81971079e-04, 6.23242883e-03, 1.36403961e-03, -2.62061856e-03,
       1.06685655e-03, 2.58622109e-03, 4.77944175e-03, 5.63484011e-03,
       -1.91390421e-03, 9.29669570e-03, -4.54879570e-04, -3.52951139e-03,
       -8.33260186e-04, -7.63841858e-03, -3.97409499e-03,
       -3.69067583e-03, -6.08928828e-03, 7.51047768e-03, 1.47863207e-02,
       6.76735025e-03, -1.63526551e-04, 2.81723961e-03, 5.12811262e-03,
       -3.81992577e-04, -1.53118733e-03, -5.54566598e-03, 1.05443681e-02,
       -4.47752560e-03, 4.54466371e-03, 4.91608444e-05, -2.15664553e-03,
       -1.32139912e-03, 1.54656498e-03, 2.04373756e-03, -2.50726682e-03,
       -6.74543623e-03, 2.76345131e-03, 4.70864493e-03, 3.62505112e-03,
       2.66350852e-03, 5.33979386e-03, 1.42601284e-03, -1.28035503e-03,
       -2.95244087e-03, 1.26657728e-03, 1.40168667e-02, 4.51351656e-03,
       -1.74840121e-03, 8.38980428e-04, 4.94636083e-03, -9.35026852e-04,
       -1.95556297e-03, -4.70791757e-03, 1.03152404e-02, 1.65727623e-02,
       1.27078767e-03, -5.02467761e-03, -3.62400385e-03, -1.06742177e-02,
       -2.14202679e-03, -3.25447624e-03, -1.12366735e-03, 1.55160353e-02,
       2.91346386e-03, 2.63142982e-03, 9.13409574e-04, 4.67419959e-05,
       1.37074455e-03, -2.83737504e-03, -4.11134120e-03, -4.27164696e-03,
       -6.82075988e-05, 5.64117683e-03, 2.42506925e-04, -1.23580918e-03,
       -1.14532351e-03, -8.38652626e-03, -9.08470433e-03,
       -7.40620168e-03, -4.80346754e-03, 4.76295361e-03, 1.32780932e-02,
       -2.83729925e-04, -6.18148968e-03, -4.58150124e-03,
       -1.02309985e-02, -2.26650783e-03, -3.61046032e-03,
       -3.60489311e-03, 1.10171819e-02, 9.08076577e-03, 1.33398606e-03,
       -1.79765688e-03, -4.70074452e-03, -7.45946635e-03,
       -2.33570905e-03, -5.08228783e-03, -4.37435694e-03, 6.58522081e-03,
       7.52707385e-03, 3.71494517e-03, -3.49916075e-03, -2.18520453e-03,
       -7.35043595e-03, -4.97636013e-03, -5.95181901e-03,
       -6.78446470e-03, 6.99226232e-03, 9.52024851e-03, -2.72147649e-04,
       -5.67322923e-03, -4.26308811e-03, -9.70069971e-03,
       -3.17460927e-03, -5.64653520e-03, -7.13307643e-03, 6.88532740e-03,
       1.74981018e-03, -6.02887198e-03, -3.59969866e-03, -5.64033049e-04,
       -2.37228791e-03, 1.73466175e-03, -4.10526758e-03, -4.47584316e-03,
       2.74552824e-03, -7.94045569e-04, -6.62449980e-03, -9.92944930e-04,
       4.21644095e-03, -3.75557900e-03, 2.08835048e-03, -3.23847379e-03,
       -3.40718240e-03, -2.55044113e-04, 5.97516680e-03, -1.11159710e-02,
       -8.48927815e-03, -1.86488323e-03, -5.24827978e-03, 1.20998523e-03,
       -3.99646070e-03, -5.16639184e-03, 4.93832398e-03, 5.33451559e-03,
       -1.13801798e-02, -6.48578955e-03, 1.61579880e-03, -5.23649668e-03,
       -2.91245780e-03, -5.64350234e-03, -7.57521018e-03, 4.11544926e-03,
       4.72573825e-04, -2.60589342e-03, 5.42528054e-04, 6.35365024e-03,
       -4.92871832e-03, 5.22722024e-04, -4.88913525e-03, -4.20899782e-03,
       1.12233299e-03, 2.06800851e-05, -3.03496537e-03, -1.29130646e-03,
       -2.30254559e-03, -4.90371510e-03, -4.79685795e-03,
       -6.87105255e-03, -6.33575208e-03, 1.36496761e-04, 1.02207912e-02,
       -5.59723284e-03, -3.68530955e-03, 2.35300628e-03, -6.17816672e-03,
       -4.81136469e-03, -8.38716794e-03, -7.78741157e-03, 1.25264451e-02,
       1.21414484e-02, -9.95249022e-03, -6.92407787e-03, -6.35073055e-03,
       -7.48397363e-03, -9.67368484e-03, -1.07465023e-02,
       -3.86289065e-03, 1.30465422e-02, -1.81933725e-03, -3.05816007e-04,
       7.98148627e-04, -1.09046500e-03, 2.17440771e-03, -3.97567963e-03,
       -7.86211062e-03, -5.74253639e-03, -3.27854557e-03,
       -4.02613729e-03, -9.90125234e-04, 1.29087362e-03, 2.44685169e-03,
       3.55382753e-03, -1.02466636e-03, -5.42296981e-03, -5.52300829e-03,
       -2.29611658e-04, 7.98613857e-03, -7.87136145e-03, -5.68556692e-03,
       -5.01025142e-03, -8.46520416e-04, -7.29813287e-03,
       -9.52813961e-03, -3.18162190e-03, 1.14771593e-02, 6.48072874e-03,
       -7.20887072e-03, -5.88390930e-03, -4.27581277e-03, 2.01849965e-03,
       -4.71571134e-03, -3.09325894e-03, 5.14037488e-03, 1.07506793e-02,
       -1.96369263e-04, -1.98732340e-03, -7.58480863e-04,
       -3.56382574e-03, -4.61035036e-03, -6.97924104e-03,
       -7.64823984e-03, -3.08179599e-03, 3.82678374e-03, 7.88391754e-03,
       2.95858225e-03, 1.39439828e-03, 2.50777253e-03, 2.42228829e-03,
       -6.39746571e-03, -3.12445080e-03, 3.45738721e-03, 7.06491061e-03,
       3.49504757e-03, -7.14072771e-03, -6.05698349e-03, -9.63694416e-03,
       -4.92496090e-03, -1.08063798e-02, -2.64042435e-04, 3.89400683e-03,
       1.24553768e-02, 4.83606569e-03, -4.34782635e-03, -1.50694244e-03,
       -9.98859527e-04, 1.97911193e-03, -9.67759360e-03, -7.50955951e-04,
       8.32276046e-03, 1.00615285e-02, 2.58239522e-03, -2.42152112e-03,
       -2.22781906e-03, 2.49515928e-04, -4.73228574e-04, -2.46341829e-03,
       1.63092243e-03, 5.04232105e-03, 6.23937743e-03, 1.86532838e-04,
       -5.22218132e-03, -5.70217147e-03, -7.43349735e-03,
       -1.05265239e-02, -6.28313329e-03, -3.42171930e-04, 2.96926359e-03,
       5.12998039e-03, -1.33473217e-03, -7.35741947e-03, -4.47333744e-03,
       2.69294064e-03, 4.97081038e-03, -1.83845137e-03, 3.36465565e-03,
       8.78077839e-03, 5.31337596e-03, -5.18138567e-03, -7.37453019e-03,
       -3.05801677e-03, -3.69365118e-03, -7.01370090e-03,
       -6.62661204e-03, 3.83568020e-03, 8.80439021e-03, 3.80645087e-03,
       2.54883640e-03, -5.40466805e-04, -2.15881225e-03, -4.84009739e-03,
       -1.51225561e-02, -4.38439101e-03, 3.30803008e-03, 5.71152801e-03,
       4.82657505e-03, 8.54451500e-04, 9.93066817e-04, 1.57521502e-03,
       -3.89999004e-05, -4.88949660e-03, -2.12502223e-03, 6.41387887e-03,
