%YAML:1.0
---
my_detector: !!opencv-object-detector-hog
   winSize: [ 64, 128 ]
   blockSize: [ 16, 16 ]
   blockStride: [ 8, 8 ]
   cellSize: [ 8, 8 ]
   nbins: 9
   derivAperture: 1
   winSigma: 4.
   histogramNormType: 0
   L2HysThreshold: 2.0000000000000001e-01
   gammaCorrection: 1
   nlevels: 64
   signedGradient: 0
   SVMDetector: [ 9.86788422e-03, 8.32890999e-03, 9.03003966e-04,
       -2.40569934e-03, -8.34248867e-03, -6.20533153e-03,
       -6.90575631e-04, 3.14356806e-03, 6.33967295e-03, 9.71818808e-03,
       3.05033755e-03, -2.01097014e-03, -9.54333320e-03, -3.74261616e-03,
       -8.92115012e-03, -1.60027703e-03, 2.10668007e-03, 8.96169990e-03,
       3.81887821e-03, 2.20980030e-03, -1.12190237e-03, -2.83915363e-03,
       -8.56232271e-03, -8.12223554e-03, -3.83552909e-03, 4.15451732e-03,
       5.12064155e-03, 2.85295141e-03, 4.58446285e-03, 8.42871494e-04,
       -5.48155513e-03, -4.38695261e-03, -1.31592099e-02,
       -2.19664723e-03, 2.67451769e-03, -7.50045583e-04, 1.09891351e-02,
       5.75212250e-03, -4.66653262e-04, -6.21289993e-03, -6.97173551e-03,
       -7.70129869e-03, -4.91811009e-03, -5.09503996e-04, 6.71812054e-03,
       1.73173007e-02, 9.93287936e-03, 3.64060019e-04, -4.89622355e-03,
       -6.09824026e-04, -6.16230490e-03, -2.34798950e-04, 3.71240615e-03,
       1.31455893e-02, 2.81145680e-04, 6.34679710e-03, -1.43224176e-03,
       -8.14863853e-03, -4.74500889e-03, -6.30741706e-03,
       -8.25570431e-04, -5.30785765e-04, -3.99514055e-03, 4.79077687e-03,
       8.67253356e-03, -3.29859066e-03, -1.00647621e-02, 2.08742381e-03,
       -4.94627329e-03, 5.54091809e-03, 4.92931111e-03, 2.49080476e-03,
       8.71900655e-03, 5.91703877e-03, -3.61153181e-03, -4.04478423e-03,
       -8.34164117e-03, -4.60664043e-03, 2.46807816e-03, 3.24527943e-03,
       8.95928685e-03, 7.72361225e-03, 5.64701669e-03, -2.38547870e-03,
       3.13323544e-04, -5.69949672e-03, -4.68300364e-04, 3.66299623e-03,
       2.25841068e-03, 8.89419299e-03, -1.01674232e-03, 6.38614502e-03,
       -6.26677694e-03, -9.13007930e-03, -7.15698069e-03, 2.15379591e-03,
       7.81020615e-03, 5.89774502e-03, -1.84148352e-03, 5.13694831e-04,
       1.01348087e-02, 2.71513127e-03, -5.04058832e-03, -4.63269698e-03,
       5.35829132e-03, 8.96842405e-03, 9.33148060e-03, 9.31099290e-04,
       6.06319774e-03, -6.02004700e-04, -6.32150052e-03, -2.24256120e-03,
       -4.34250291e-03, -1.19577383e-03, 4.04712657e-04, 1.49111904e-03,
       5.97807486e-03, 8.30516126e-03, 3.68038029e-03, -2.95959739e-03,
       1.91219570e-03, 1.56458456e-03, 2.36380775e-03, 6.10857096e-04,
       8.04920506e-04, 7.47372117e-03, -2.65452522e-03, 6.74054027e-03,
       -8.59614665e-05, -7.92874082e-04, -2.55703315e-04, 2.42912886e-03,
       2.76282127e-03, 2.91895214e-03, -2.79599265e-03, 2.08477676e-03,
       4.90885880e-03, 5.38065284e-03, 1.37421885e-03, 1.92023418e-03,
       5.37799904e-03, 3.60881654e-03, 3.51723284e-03, 3.03307991e-03,
       3.84939834e-03, 3.02661117e-03, 4.38903313e-04, 2.70647183e-03,
       1.13016134e-03, 6.13529526e-04, -2.13013450e-03, -3.67886666e-03,
       2.99280789e-03, 9.67345480e-03, 2.22580577e-03, -1.28154899e-03,
       2.64742528e-04, -3.55669181e-03, 1.77726825e-03, -1.56782148e-03,
       -7.37048758e-05, 8.62243120e-03, -2.28862208e-03, -5.79776126e-04,
       7.28460611e-04, -7.18392330e-05, 4.08188149e-04, 9.95188137e-04,
       7.96874345e-04, -1.06425912e-04, -2.09754379e-03, 2.71384197e-05,
       3.76443402e-03, -3.77888849e-04, -1.82654813e-03, -2.99334433e-03,
       -5.76378021e-04, -2.39595515e-03, -1.88262726e-04, 2.82509456e-04,
       7.74105499e-03, -3.88748100e-04, -4.77462588e-03, -3.60102276e-03,
       -5.39553026e-03, -1.48297113e-03, -2.12938618e-03,
       -2.44483119e-03, 5.54134697e-03, 4.65786178e-03, 2.34588078e-04,
       -2.65889079e-03, -2.66122166e-03, 3.33398767e-03, 8.41299538e-04,
       -2.31514988e-03, -2.14965618e-03, -4.99669477e-05, 7.40243215e-03,
       9.73910186e-03, -4.68529062e-03, -5.05984435e-03, -2.43186788e-03,
       -2.13777297e-03, -4.68875468e-03, -4.34129033e-03, 3.74390394e-03,
       1.04034226e-02, 2.77843629e-03, -3.45671433e-03, -1.07260898e-03,
       -9.01597552e-04, -2.50028051e-03, -4.48833453e-03,
       -3.55679286e-03, 7.88877252e-03, 2.26123817e-03, -3.69628635e-03,
       -6.63054315e-03, -1.83633633e-03, 2.45495769e-03, 2.01011961e-03,
       -2.44184840e-03, -2.48288433e-03, -1.27403604e-04, 7.85582597e-05,
       -8.12954269e-03, -5.60248783e-03, 2.82116188e-03, -2.43953476e-03,
       2.48171389e-03, -2.85656820e-03, -4.64378530e-03, -3.49417026e-03,
       1.01381075e-02, -3.95470764e-03, -6.26519276e-03, 1.13263750e-03,
       1.11644354e-03, -1.77742564e-03, -6.47194171e-03, -3.49205662e-03,
       7.70160090e-03, 6.31364295e-03, -4.70511802e-03, -4.35175281e-03,
       2.41992716e-03, -3.79505637e-03, -2.33965414e-03, -7.05088954e-03,
       -7.41470000e-03, 5.74231334e-03, -2.67554977e-04, -5.04578045e-03,
       1.52577041e-03, 7.92771112e-03, 2.29251757e-03, 6.34430069e-03,
       -2.27548182e-03, -4.52944171e-03, -2.12959573e-03,
       -3.88088031e-03, -4.37743403e-03, 2.90237810e-03, 6.68330002e-04,
       -4.18789545e-03, 2.48821010e-03, -6.12849463e-03, -8.15713592e-03,
       -4.72971238e-03, 8.10139347e-03, -3.41233006e-03, -1.28492736e-03,
       4.39270074e-03, -1.58834970e-03, 1.34655845e-03, -4.73092124e-03,
       -5.15685743e-03, 1.05252732e-02, 5.08965552e-03, -1.09493583e-02,
       -4.21016477e-03, -3.86155816e-03, -9.01293103e-03,
       -2.78460863e-03, -6.82751462e-03, -5.52385021e-03, 7.97020923e-03,
       -9.39616992e-04, 8.39182758e-05, 2.31990428e-03, -9.99397453e-05,
       -2.57962313e-03, 2.86994549e-03, -3.36858165e-03, -4.69664251e-03,
       -2.85314303e-03, -1.23623654e-03, -2.30763224e-03, 9.23687185e-04,
       2.41309963e-03, -3.81496619e-03, 2.47281394e-04, -1.45882333e-03,
       -3.29439808e-03, 6.55765180e-04, 5.13118319e-03, -8.79919622e-03,
       -2.34557269e-03, -2.79762549e-03, -8.48584436e-03,
       -4.14915674e-04, -1.23490731e-03, 1.61948521e-03, 9.96454805e-03,
       4.98957839e-03, -7.08142621e-03, -2.07629497e-03, -1.63453189e-03,
       -4.44305874e-03, -3.10580246e-03, 2.40422413e-03, 8.92500579e-03,
       1.02062710e-02, -4.86558070e-03, -4.79239970e-03, -1.30013342e-03,
       -2.55297101e-03, -6.22866023e-03, -4.51310771e-03,
       -2.87417136e-03, -2.92807585e-03, -1.01536112e-04, 1.74270116e-03,
       -2.76216725e-03, -3.60081857e-03, 1.84878227e-04, 1.52170740e-03,
       -3.47187091e-03, -2.52584089e-03, 3.51409835e-06, 1.81922968e-03,
       5.60888788e-04, -8.05519428e-03, -3.24418792e-03, -3.14146769e-03,
       -4.02640551e-03, -6.23069238e-03, 7.53068452e-05, 3.13822203e-03,
       7.66828703e-03, 1.08570617e-03, -6.07809983e-03, -6.08579395e-03,
       2.59468588e-03, 5.80700347e-03, -2.18847487e-03, -3.00977379e-04,
       4.37137438e-03, 7.53143709e-03, -1.04260887e-03, -3.87838250e-03,
       -4.75428440e-03, 1.88585068e-03, 1.00970743e-02, -8.36892228e-04,
       -3.11309821e-03, 6.73391150e-06, 1.85750495e-03, -6.26546424e-03,
       -5.68685262e-03, -3.87722044e-03, -7.18829827e-03, 2.30824837e-04,
       -6.46111276e-03, -4.07012366e-03, 2.54026358e-03, 1.08585984e-03,
       -2.18297166e-04, -4.99769952e-03, -5.98507840e-03, 5.73772285e-03,
       1.58119686e-02, -5.22748269e-05, -5.62957255e-04, 4.74298745e-03,
       3.14915297e-03, -5.53247798e-03, -5.38755162e-03, -3.92294349e-03,
       -4.31773020e-03, 1.84047210e-03, -7.48445885e-03, -2.24232906e-03,
       6.87240297e-03, 6.10999705e-04, -1.27840415e-03, 9.47793655e-04,
       4.09579166e-04, -2.78234808e-03, -8.50349851e-03, -6.49451045e-03,
       8.06538010e-05, 6.68558106e-03, 2.91921315e-03, -3.80848115e-03,
       -1.00234247e-05, 1.79934863e-03, 4.24450962e-03, -3.58277303e-03,
       -4.53641638e-03, 4.86662332e-03, 3.76267987e-03, 3.24897701e-05,
       -5.69762755e-03, -3.21756396e-03, -7.79646041e-04,
